<number of products>
4
<product cycle>
1 2
2 3
3 4
4 5
<number of workstations>
20
<station length>
18 6 8 17 10 11 18 13 16 20 16 6 17 18 12 12 20 6 16 5
<working hours>
1 10 14 25 20 10 14 13 25 24 11 6 9 8 18 18 24 8 22 12 19
2 11 19 14 15 22 23 18 24 15 19 8 9 24 17 10 14 12 18 15 6
3 11 21 6 9 8 19 22 19 15 19 11 11 17 11 10 12 21 11 22 9
4 20 24 12 11 12 7 11 12 14 19 20 25 9 11 8 15 8 18 9 14
<interval time>
5
<product switching cost>
1,1 0
1,2 1
1,3 5
1,4 0
2,1 9
2,2 0
2,3 3
2,4 7
3,1 7
3,2 10
3,3 0
3,4 12
4,1 1
4,2 0
4,3 0
4,4 0
<number of parts>
14
<optional frequency>
3 3
1 5
1 3
1 5
3 4
4 4
4 4
3 4
3 5
2 4
4 4
1 4
3 4
1 3
<product assembly parts>
7 6 2 0 1 8 4 3 5 7 7 8 6 3
0 5 0 5 0 5 7 3 7 6 1 5 6 7
1 6 4 3 2 8 8 0 2 7 1 4 8 7
2 7 1 7 8 3 3 3 2 1 1 6 0 2
