<number of products>
4
<product cycle>
1 2
2 3
3 4
4 5
<number of workstations>
25
<station length>
9 13 8 10 16 18 15 9 12 20 11 13 8 15 7 19 20 12 13 15 14 19 15 19 13
<working hours>
1 24 14 25 7 10 10 22 15 6 13 17 24 17 15 15 11 24 15 21 20 15 10 10 10 25
2 15 18 14 13 6 12 24 15 10 24 6 14 17 22 22 18 21 25 11 17 10 24 22 16 22
3 17 18 21 11 22 21 11 21 18 6 8 16 13 15 12 13 10 14 25 9 12 17 21 20 24
4 6 22 13 12 17 7 18 9 16 22 8 14 23 23 23 8 7 20 24 22 13 13 14 11 13
<interval time>
5
<product switching cost>
1,1 0
1,2 3
1,3 11
1,4 11
2,1 7
2,2 0
2,3 2
2,4 0
3,1 9
3,2 4
3,3 0
3,4 8
4,1 4
4,2 1
4,3 11
4,4 0
<number of parts>
13
<optional frequency>
1 5
3 3
1 4
1 3
3 3
4 5
1 4
1 5
1 4
2 3
2 3
2 3
1 3
<product assembly parts>
8 3 7 4 0 6 1 7 3 7 0 4 6
4 7 2 5 8 7 8 4 4 4 8 3 5
4 8 8 4 7 1 2 7 0 5 8 7 7
2 2 1 6 4 1 7 5 8 2 3 1 3
