<number of products>
4
<product cycle>
1 6
2 6
3 7
4 8
<number of workstations>
30
<station length>
19 17 14 14 18 20 17 14 19 19 14 7 18 11 17 16 18 6 13 15 6 5 18 12 16 15 12 20 11 6
<working hours>
1 24 18 14 24 19 25 11 20 20 8 9 24 17 10 24 18 13 16 12 7 17 24 20 6 11 17 17 9 11 22
2 11 20 19 12 19 15 13 8 16 25 15 22 25 23 24 16 25 18 17 15 19 19 13 15 16 14 15 13 15 14
3 8 15 25 9 18 24 25 24 13 25 13 14 14 24 20 15 13 24 14 19 14 6 22 23 11 10 13 7 24 16
4 22 19 10 25 21 12 24 23 22 24 14 9 13 11 9 6 24 20 10 7 11 9 21 7 21 16 15 22 17 12
<interval time>
5
<product switching cost>
1,1 0
1,2 4
1,3 10
1,4 11
2,1 12
2,2 0
2,3 6
2,4 5
3,1 5
3,2 7
3,3 0
3,4 12
4,1 9
4,2 2
4,3 12
4,4 0
<number of parts>
13
<optional frequency>
1 3
1 3
3 4
4 5
4 4
1 3
5 5
3 3
1 3
3 3
1 4
1 3
3 3
<product assembly parts>
7 5 6 5 8 6 3 5 5 7 0 8 6
1 3 1 4 5 8 4 3 4 5 6 6 3
1 1 3 8 8 5 0 3 4 2 3 6 2
2 0 3 3 4 7 4 2 4 6 3 1 0
