<number of products>
4
<product cycle>
1 2
2 3
3 4
4 4
<number of workstations>
30
<station length>
13 15 15 18 7 7 13 6 14 9 18 6 16 5 15 12 20 17 18 18 6 8 8 9 18 5 6 11 6 11
<working hours>
1 17 18 18 25 8 6 18 10 20 8 16 12 9 11 12 14 16 17 7 19 22 23 11 19 24 9 21 21 19 23
2 10 25 12 22 14 15 7 9 13 15 23 6 22 20 12 16 15 13 21 23 22 10 19 7 12 13 17 25 9 7
3 9 17 20 6 25 7 22 17 24 24 8 15 15 24 11 6 20 14 24 11 18 25 24 25 19 25 24 18 15 23
4 25 25 20 8 22 15 10 23 17 24 18 24 13 10 16 24 9 15 6 22 15 24 25 12 11 12 9 11 13 15
<interval time>
5
<product switching cost>
1,1 0
1,2 12
1,3 2
1,4 12
2,1 6
2,2 0
2,3 6
2,4 9
3,1 8
3,2 0
3,3 0
3,4 6
4,1 9
4,2 11
4,3 0
4,4 0
<number of parts>
16
<optional frequency>
2 4
1 4
4 4
3 3
2 4
2 5
2 4
5 5
2 3
5 5
2 4
2 5
5 5
2 3
2 3
1 4
<product assembly parts>
2 6 5 0 8 2 6 5 8 2 6 4 1 8 6 6
5 6 1 3 0 8 7 6 1 2 3 8 5 5 1 4
3 4 6 8 2 3 4 8 4 0 0 2 7 3 0 0
8 6 6 6 1 0 1 6 8 3 1 1 3 5 0 0
