<number of products>
4
<product cycle>
1 2
2 3
3 4
4 5
<number of workstations>
30
<station length>
7 17 6 13 7 14 7 15 6 19 18 10 11 19 18 9 6 16 12 13 13 5 20 19 19 14 17 10 6 19
<working hours>
1 10 18 19 10 25 10 17 6 23 8 21 21 18 7 11 24 25 8 14 6 18 22 23 14 8 12 12 12 20 13
2 8 10 16 17 11 12 17 18 9 20 23 8 20 6 12 11 9 8 25 11 6 18 9 13 19 13 22 16 10 20
3 21 23 24 17 18 9 12 12 20 8 23 15 15 14 24 7 11 24 16 7 10 18 15 22 7 9 19 14 15 7
4 13 20 12 14 9 18 21 23 9 10 20 21 22 11 11 8 6 11 8 21 24 23 11 9 12 14 22 19 11 24
<interval time>
5
<product switching cost>
1,1 0
1,2 8
1,3 5
1,4 11
2,1 7
2,2 0
2,3 12
2,4 11
3,1 10
3,2 9
3,3 0
3,4 7
4,1 3
4,2 12
4,3 6
4,4 0
<number of parts>
13
<optional frequency>
2 5
3 3
3 3
3 5
1 4
2 4
4 5
1 5
4 4
1 4
4 4
1 5
4 4
<product assembly parts>
3 6 8 2 0 5 0 6 8 2 1 2 2
3 5 5 2 1 6 5 0 5 8 7 1 4
6 2 1 8 2 1 2 5 6 7 0 8 8
4 3 6 8 4 8 0 2 2 0 5 0 3
