<number of products>
4
<product cycle>
1 4
2 4
3 5
4 6
<number of workstations>
30
<station length>
6 5 13 6 18 20 15 20 7 10 11 17 7 14 17 7 7 10 20 13 10 18 9 19 17 20 6 13 6 16
<working hours>
1 13 9 14 8 24 19 9 17 19 7 21 23 13 11 21 15 23 23 13 16 18 17 9 20 24 18 11 15 7 25
2 19 15 25 18 18 23 13 14 25 19 6 14 20 22 15 10 8 20 6 10 23 16 9 18 10 11 17 24 13 19
3 14 23 23 10 6 22 24 13 14 23 18 23 22 13 25 7 19 10 14 18 21 10 22 20 25 24 8 19 6 25
4 8 8 15 8 12 9 24 13 17 25 11 12 19 9 13 12 21 19 6 16 11 13 7 14 16 23 22 9 18 16
<interval time>
5
<product switching cost>
1,1 0
1,2 12
1,3 11
1,4 0
2,1 2
2,2 0
2,3 5
2,4 4
3,1 12
3,2 4
3,3 0
3,4 7
4,1 2
4,2 4
4,3 1
4,4 0
<number of parts>
16
<optional frequency>
2 3
1 4
3 3
3 4
3 3
4 4
2 3
4 5
1 5
2 5
3 5
5 5
5 5
1 5
5 5
1 5
<product assembly parts>
6 7 8 2 1 4 1 7 4 6 8 1 3 5 2 6
6 4 8 6 8 3 6 8 7 4 8 6 4 1 5 5
4 5 0 1 1 2 2 0 7 5 3 6 0 5 1 1
7 1 6 0 3 8 8 6 3 6 5 3 6 2 1 8
