<number of products>
4
<product cycle>
1 3
2 4
3 4
4 5
<number of workstations>
30
<station length>
15 18 16 15 14 10 9 14 8 7 18 15 5 9 5 6 6 9 14 16 12 12 7 12 9 8 15 15 7 11
<working hours>
1 6 16 16 21 7 22 12 19 23 11 9 15 15 15 22 22 25 18 18 24 25 21 10 21 13 19 20 20 15 19
2 10 6 10 17 22 11 17 15 12 8 22 12 11 23 9 10 12 8 10 12 25 10 6 15 25 8 7 18 6 8
3 22 13 19 14 21 11 12 23 20 17 6 23 11 21 18 22 8 20 11 11 17 21 20 16 14 17 23 14 21 10
4 18 10 24 7 16 10 25 8 22 20 18 23 13 9 18 7 23 11 20 9 21 11 8 20 12 12 20 12 24 24
<interval time>
5
<product switching cost>
1,1 0
1,2 2
1,3 0
1,4 5
2,1 2
2,2 0
2,3 2
2,4 2
3,1 9
3,2 9
3,3 0
3,4 9
4,1 3
4,2 11
4,3 6
4,4 0
<number of parts>
13
<optional frequency>
3 3
3 4
5 5
3 3
2 4
5 5
1 3
2 3
3 5
2 5
5 5
2 3
3 5
<product assembly parts>
4 6 1 7 7 7 3 2 6 4 3 0 5
4 4 7 1 2 7 7 0 2 2 7 1 2
0 5 3 7 8 7 1 3 7 5 2 8 8
3 2 2 0 1 2 5 6 0 8 3 2 0
