<number of products>
4
<product cycle>
1 2
2 3
3 3
4 4
<number of workstations>
25
<station length>
13 17 5 10 10 14 11 9 9 15 6 7 14 9 16 19 17 10 19 5 9 11 10 14 14
<working hours>
1 8 11 13 12 19 8 13 10 23 17 6 21 11 17 9 21 23 18 12 21 18 20 13 9 18
2 10 16 10 18 16 15 19 25 18 23 8 17 21 24 6 13 25 11 13 17 17 16 22 6 25
3 25 18 8 13 10 21 12 7 12 15 19 8 16 18 11 19 10 15 15 18 21 7 14 19 11
4 11 18 22 9 20 8 17 9 18 6 11 16 10 24 22 18 20 6 21 18 19 7 15 19 14
<interval time>
5
<product switching cost>
1,1 0
1,2 11
1,3 10
1,4 1
2,1 9
2,2 0
2,3 12
2,4 12
3,1 7
3,2 8
3,3 0
3,4 5
4,1 12
4,2 7
4,3 11
4,4 0
<number of parts>
14
<optional frequency>
3 5
1 3
4 4
1 5
1 3
3 4
3 3
4 5
1 4
3 4
1 3
4 4
1 4
3 5
<product assembly parts>
4 6 5 4 0 8 4 2 4 5 6 0 7 5
4 0 1 5 0 8 6 3 2 1 8 1 2 2
7 6 4 5 7 3 8 7 0 1 5 5 0 2
1 6 8 1 5 4 6 6 0 2 4 1 6 1
