<number of products>
4
<product cycle>
1 3
2 4
3 5
4 5
<number of workstations>
30
<station length>
6 13 20 19 19 16 11 16 16 10 12 17 6 6 11 5 13 14 12 17 7 15 8 19 7 16 10 11 7 5
<working hours>
1 10 24 11 24 17 6 8 15 12 21 14 22 12 7 25 12 6 24 19 21 8 12 24 21 8 25 9 10 18 7
2 10 10 9 12 11 9 20 19 20 10 7 9 25 8 9 9 18 18 9 10 11 7 9 25 7 20 10 16 22 20
3 13 12 25 12 7 15 24 12 19 18 16 12 23 6 11 20 15 22 9 10 15 11 9 8 15 6 23 18 22 10
4 16 6 24 16 10 10 25 15 18 10 6 24 12 17 17 18 8 6 12 24 25 17 10 24 21 6 9 13 20 9
<interval time>
5
<product switching cost>
1,1 0
1,2 2
1,3 4
1,4 3
2,1 6
2,2 0
2,3 5
2,4 8
3,1 5
3,2 8
3,3 0
3,4 5
4,1 6
4,2 4
4,3 12
4,4 0
<number of parts>
13
<optional frequency>
1 3
1 4
2 5
1 3
1 4
1 4
2 4
2 4
4 5
1 4
3 3
1 5
1 4
<product assembly parts>
6 6 0 6 3 2 2 4 8 1 5 5 4
2 0 3 4 0 3 0 1 0 5 6 7 7
5 6 4 1 5 7 5 5 4 6 2 3 4
7 1 2 4 7 6 0 1 0 8 0 1 8
