<number of products>
4
<product cycle>
1 4
2 5
3 5
4 6
<number of workstations>
25
<station length>
12 10 11 15 19 5 19 7 12 14 10 9 15 6 8 7 18 5 10 15 16 6 9 8 12
<working hours>
1 6 18 6 24 7 18 24 9 13 7 24 23 8 6 21 24 18 15 25 18 20 13 21 25 14
2 17 20 21 10 20 23 17 13 10 15 11 18 14 11 17 6 19 15 10 7 20 19 23 13 18
3 10 17 12 18 19 19 20 20 20 18 20 17 16 16 18 10 22 12 13 12 12 24 12 25 17
4 20 23 19 17 15 12 18 10 21 9 23 20 15 25 19 7 12 12 16 23 11 18 22 19 11
<interval time>
5
<product switching cost>
1,1 0
1,2 7
1,3 0
1,4 11
2,1 3
2,2 0
2,3 6
2,4 9
3,1 10
3,2 2
3,3 0
3,4 4
4,1 11
4,2 10
4,3 9
4,4 0
<number of parts>
13
<optional frequency>
4 5
2 5
2 3
4 4
3 3
2 3
1 4
1 5
1 3
1 3
2 3
2 3
2 4
<product assembly parts>
2 3 4 1 5 5 7 7 5 2 4 4 1
8 2 2 2 6 1 8 6 2 8 8 7 4
3 1 2 7 1 0 2 6 7 6 7 2 0
5 7 2 7 0 7 5 5 1 5 1 2 2
