<number of products>
4
<product cycle>
1 5
2 6
3 6
4 7
<number of workstations>
25
<station length>
15 16 18 10 17 16 19 16 14 9 20 18 16 18 7 13 9 15 16 19 19 10 6 15 9
<working hours>
1 25 16 23 11 24 10 12 18 8 19 9 22 23 7 22 9 24 6 14 23 11 13 16 21 9
2 16 17 23 18 22 18 13 24 17 19 9 13 20 10 12 6 22 9 21 10 8 15 13 18 15
3 12 23 9 12 6 6 6 15 9 12 11 8 8 14 20 9 19 17 18 6 25 15 16 18 17
4 12 15 19 25 24 21 25 24 7 21 7 21 16 17 6 14 21 18 23 9 19 24 25 17 21
<interval time>
5
<product switching cost>
1,1 0
1,2 0
1,3 6
1,4 0
2,1 7
2,2 0
2,3 12
2,4 1
3,1 7
3,2 4
3,3 0
3,4 8
4,1 1
4,2 1
4,3 3
4,4 0
<number of parts>
12
<optional frequency>
4 4
3 5
3 3
1 4
3 4
4 5
3 3
1 4
3 3
3 3
1 5
4 5
<product assembly parts>
1 8 2 7 4 6 8 0 4 1 8 7
2 7 4 2 0 4 5 6 1 2 1 3
7 7 3 0 6 2 6 0 4 2 3 5
7 3 7 1 1 2 2 2 0 7 7 5
