<number of products>
4
<product cycle>
1 6
2 7
3 8
4 8
<number of workstations>
30
<station length>
20 15 5 13 19 5 10 5 16 17 16 7 15 11 19 20 13 10 17 18 11 10 15 18 12 13 10 19 20 20
<working hours>
1 16 11 11 17 24 10 6 19 8 18 17 23 8 10 25 10 6 17 24 11 10 24 15 9 8 16 19 12 7 10
2 24 16 16 24 18 13 19 13 20 10 19 11 25 15 11 7 19 18 8 16 14 25 22 6 23 16 9 12 12 9
3 13 23 7 7 14 24 23 13 11 8 8 11 10 9 11 8 17 15 22 9 17 23 10 19 23 19 23 21 18 15
4 6 9 24 9 22 16 14 23 23 7 18 15 15 10 6 7 18 11 24 22 21 20 22 21 13 16 22 16 18 18
<interval time>
5
<product switching cost>
1,1 0
1,2 4
1,3 6
1,4 11
2,1 4
2,2 0
2,3 12
2,4 11
3,1 1
3,2 9
3,3 0
3,4 6
4,1 11
4,2 2
4,3 3
4,4 0
<number of parts>
14
<optional frequency>
2 5
3 3
3 3
2 4
1 3
1 3
2 3
1 5
2 3
3 3
2 4
2 3
4 5
5 5
<product assembly parts>
1 1 7 7 2 6 4 8 1 2 8 3 1 8
0 0 3 6 6 6 0 2 0 0 0 5 3 2
8 5 3 8 6 3 1 0 5 0 5 2 4 3
8 3 8 0 5 8 2 6 2 0 0 7 6 8
