<number of products>
4
<product cycle>
1 3
2 4
3 5
4 5
<number of workstations>
25
<station length>
14 19 18 7 10 17 11 9 12 5 11 16 9 6 16 12 10 16 10 8 10 12 9 18 11
<working hours>
1 14 7 18 15 18 22 19 21 20 16 10 15 6 8 14 23 15 12 25 25 8 7 19 10 10
2 21 11 13 18 11 19 18 24 12 13 17 8 13 14 10 18 9 24 10 12 20 10 14 16 6
3 9 22 15 22 9 25 21 13 20 15 9 23 25 20 10 8 16 14 7 18 14 9 20 19 24
4 11 21 15 13 22 9 8 25 25 17 13 21 19 19 7 9 14 14 14 22 16 19 14 17 8
<interval time>
5
<product switching cost>
1,1 0
1,2 0
1,3 1
1,4 11
2,1 12
2,2 0
2,3 7
2,4 3
3,1 9
3,2 7
3,3 0
3,4 3
4,1 9
4,2 6
4,3 10
4,4 0
<number of parts>
14
<optional frequency>
3 3
4 4
5 5
4 5
3 3
3 3
1 5
1 5
1 3
4 4
1 4
4 4
1 4
4 4
<product assembly parts>
0 3 2 0 5 1 4 6 0 7 4 5 5 5
3 4 7 0 5 7 4 2 3 8 8 5 6 5
2 7 1 5 5 8 3 5 4 1 1 6 5 7
2 6 3 4 7 5 5 7 5 2 2 5 0 1
