<number of products>
4
<product cycle>
1 2
2 2
3 3
4 3
<number of workstations>
25
<station length>
18 7 12 18 13 20 14 12 17 5 20 17 16 8 19 12 5 17 12 19 16 20 8 14 15
<working hours>
1 10 8 9 23 11 12 21 24 13 8 10 18 25 21 22 24 13 7 21 14 19 15 16 10 7
2 16 24 25 19 6 14 12 23 21 23 21 16 13 16 20 21 22 23 8 9 19 8 18 10 6
3 11 22 9 11 12 20 9 7 19 21 11 22 21 10 23 19 18 6 15 9 19 15 14 22 16
4 25 17 24 11 10 15 22 12 25 17 22 25 14 21 20 12 16 10 11 22 21 6 16 19 11
<interval time>
5
<product switching cost>
1,1 0
1,2 2
1,3 7
1,4 1
2,1 0
2,2 0
2,3 4
2,4 11
3,1 3
3,2 3
3,3 0
3,4 11
4,1 1
4,2 8
4,3 7
4,4 0
<number of parts>
14
<optional frequency>
1 3
4 5
2 5
2 3
5 5
2 3
1 5
2 3
4 4
3 5
4 4
2 4
3 3
1 3
<product assembly parts>
3 4 2 4 1 2 8 6 5 4 7 3 2 0
3 3 1 2 2 2 7 0 5 1 0 2 8 7
6 7 5 4 8 1 3 8 6 6 6 7 5 4
8 5 8 1 3 2 4 2 6 8 7 7 4 1
