<number of products>
4
<product cycle>
1 5
2 6
3 6
4 7
<number of workstations>
20
<station length>
20 14 12 10 15 7 10 10 15 19 9 5 20 18 15 5 10 13 7 10
<working hours>
1 6 25 17 21 24 6 21 13 21 9 7 6 24 15 13 22 22 11 10 9
2 9 15 16 20 21 17 23 14 21 14 17 20 6 17 15 16 22 25 21 9
3 14 22 6 10 19 13 10 17 21 6 13 24 19 17 12 8 12 18 9 14
4 23 20 22 11 14 17 16 18 24 19 14 15 12 7 24 22 16 25 9 19
<interval time>
5
<product switching cost>
1,1 0
1,2 12
1,3 7
1,4 9
2,1 12
2,2 0
2,3 12
2,4 5
3,1 4
3,2 1
3,3 0
3,4 0
4,1 7
4,2 10
4,3 2
4,4 0
<number of parts>
15
<optional frequency>
2 5
3 5
5 5
2 5
4 4
1 4
1 4
1 4
2 3
1 5
2 3
1 4
3 4
1 5
2 3
<product assembly parts>
2 5 4 8 8 2 1 4 2 3 6 1 4 3 0
7 5 3 6 6 6 1 4 4 4 2 6 5 2 3
4 2 6 8 3 4 4 1 4 7 8 2 6 6 1
2 8 7 5 8 5 7 5 6 7 6 6 7 0 8
