<number of products>
4
<product cycle>
1 5
2 6
3 7
4 8
<number of workstations>
25
<station length>
17 15 8 9 10 8 16 6 6 7 13 8 13 9 8 18 11 6 6 5 8 15 13 14 18
<working hours>
1 13 13 13 25 25 24 14 23 17 13 10 6 23 24 16 13 11 18 12 23 25 6 11 8 24
2 25 14 21 9 9 13 19 13 13 20 25 11 11 13 14 9 6 13 15 19 24 25 18 20 12
3 13 9 8 19 20 20 10 18 25 18 6 23 14 12 21 19 22 16 16 6 21 22 25 18 20
4 25 12 17 10 8 25 18 11 18 12 12 16 17 18 14 13 15 13 18 25 21 6 24 13 8
<interval time>
5
<product switching cost>
1,1 0
1,2 7
1,3 11
1,4 12
2,1 0
2,2 0
2,3 6
2,4 9
3,1 5
3,2 5
3,3 0
3,4 6
4,1 0
4,2 7
4,3 6
4,4 0
<number of parts>
15
<optional frequency>
1 4
3 4
2 4
3 4
4 4
1 3
3 3
5 5
5 5
1 3
3 4
1 3
3 3
1 3
5 5
<product assembly parts>
0 4 1 8 4 7 2 4 2 6 4 2 3 6 4
2 8 1 3 1 0 2 4 8 7 6 2 3 0 3
1 1 1 4 2 8 1 7 8 5 2 2 8 2 3
0 5 2 4 8 0 8 8 0 6 2 2 0 7 2
