<number of products>
4
<product cycle>
1 3
2 3
3 4
4 5
<number of workstations>
25
<station length>
11 14 14 15 20 8 14 11 9 15 10 11 17 10 10 10 15 20 18 13 12 13 20 14 16
<working hours>
1 10 15 16 17 16 20 15 19 24 18 19 6 18 7 19 17 10 20 14 6 12 12 14 15 17
2 6 16 19 18 16 23 23 12 12 25 22 20 14 9 8 13 11 16 21 24 21 7 18 21 13
3 14 25 24 18 7 9 7 16 14 23 17 20 15 9 21 10 8 16 19 10 10 24 15 24 12
4 23 8 20 13 16 24 23 14 23 22 15 6 10 8 16 17 20 12 11 16 20 13 20 17 16
<interval time>
5
<product switching cost>
1,1 0
1,2 3
1,3 10
1,4 11
2,1 4
2,2 0
2,3 4
2,4 9
3,1 11
3,2 0
3,3 0
3,4 2
4,1 1
4,2 10
4,3 6
4,4 0
<number of parts>
15
<optional frequency>
4 4
3 3
3 3
1 4
4 5
3 3
4 4
3 4
1 5
1 5
1 5
1 5
2 5
1 5
4 5
<product assembly parts>
3 1 6 4 7 7 2 5 1 2 5 7 8 6 0
6 4 0 6 0 0 3 5 6 2 4 3 5 8 7
3 5 2 3 2 3 4 2 1 0 8 0 2 8 5
1 5 5 3 3 3 4 2 6 4 3 3 5 0 2
