<number of products>
4
<product cycle>
1 6
2 7
3 7
4 8
<number of workstations>
30
<station length>
14 12 19 18 17 5 6 15 9 13 17 6 9 7 20 19 14 7 19 13 11 6 14 11 15 6 9 12 16 6
<working hours>
1 11 11 23 25 14 19 18 16 11 20 16 11 12 12 10 22 10 25 13 6 10 6 10 16 18 24 9 12 12 6
2 13 6 13 12 14 19 20 20 8 9 19 20 17 6 20 19 10 21 25 25 17 16 13 7 11 14 17 12 7 8
3 11 13 24 23 14 21 11 13 6 12 14 10 7 10 23 15 20 8 24 6 8 20 11 11 10 15 7 17 7 20
4 19 14 23 20 9 21 21 16 14 19 9 25 25 11 14 7 18 17 23 13 23 20 10 21 10 16 22 8 11 10
<interval time>
5
<product switching cost>
1,1 0
1,2 5
1,3 9
1,4 0
2,1 12
2,2 0
2,3 9
2,4 12
3,1 11
3,2 5
3,3 0
3,4 6
4,1 6
4,2 12
4,3 8
4,4 0
<number of parts>
14
<optional frequency>
3 5
2 5
2 3
3 3
2 3
1 5
1 3
1 3
1 3
3 3
1 4
3 3
4 4
5 5
<product assembly parts>
0 1 7 0 7 4 0 3 2 5 1 4 5 2
5 1 7 1 2 2 2 7 6 4 3 3 8 7
2 2 0 5 4 2 2 1 6 2 6 5 4 6
3 3 0 8 3 3 4 4 4 7 0 4 8 8
