<number of products>
4
<product cycle>
1 6
2 7
3 7
4 8
<number of workstations>
25
<station length>
17 18 9 18 20 5 15 16 8 14 12 20 20 17 11 17 18 12 14 12 10 15 10 15 17
<working hours>
1 8 9 8 8 6 10 23 19 21 8 10 7 6 21 11 7 10 15 17 17 24 8 7 11 15
2 16 9 7 24 8 7 25 6 12 11 18 21 9 14 24 15 25 22 8 25 15 10 8 20 25
3 14 11 22 9 21 25 13 15 7 18 16 11 21 20 17 22 15 15 18 19 13 15 16 12 13
4 20 10 10 7 8 7 24 9 10 9 20 10 10 8 15 16 16 24 13 21 19 19 9 23 24
<interval time>
5
<product switching cost>
1,1 0
1,2 4
1,3 11
1,4 3
2,1 7
2,2 0
2,3 10
2,4 0
3,1 5
3,2 2
3,3 0
3,4 6
4,1 3
4,2 5
4,3 1
4,4 0
<number of parts>
12
<optional frequency>
2 3
2 4
4 4
4 5
3 5
2 4
4 4
3 5
2 5
1 3
4 4
2 3
<product assembly parts>
5 2 0 2 3 8 7 4 3 2 6 0
0 5 5 5 5 0 1 7 8 3 3 2
5 8 4 8 6 8 3 6 0 7 8 4
8 7 0 4 5 0 6 1 7 6 7 3
