<number of products>
4
<product cycle>
1 3
2 3
3 4
4 5
<number of workstations>
30
<station length>
18 13 14 9 14 15 7 7 14 16 19 19 6 19 7 16 10 12 17 19 17 20 11 10 5 19 13 17 7 7
<working hours>
1 20 21 25 23 21 18 23 10 25 24 19 22 21 10 10 16 22 24 12 21 7 23 16 22 6 18 11 13 17 7
2 14 6 17 18 18 25 16 20 24 7 6 9 11 14 23 11 16 17 14 14 11 22 18 20 24 18 12 10 17 25
3 15 11 13 10 23 24 14 18 13 12 23 24 9 16 18 11 14 8 16 11 23 16 21 11 16 18 11 24 11 18
4 24 13 13 16 22 25 17 9 13 22 9 23 18 17 17 6 21 22 14 18 23 16 6 25 16 21 15 14 13 6
<interval time>
5
<product switching cost>
1,1 0
1,2 3
1,3 4
1,4 10
2,1 9
2,2 0
2,3 1
2,4 10
3,1 8
3,2 9
3,3 0
3,4 1
4,1 1
4,2 7
4,3 9
4,4 0
<number of parts>
15
<optional frequency>
1 3
3 3
3 5
2 5
1 4
2 3
2 3
1 4
3 4
1 4
3 4
1 3
3 3
2 3
2 5
<product assembly parts>
6 7 8 1 3 6 7 5 0 0 4 2 1 4 1
0 5 2 7 6 8 1 8 7 8 0 2 7 0 4
5 2 3 8 8 8 5 6 2 2 5 8 6 6 0
5 8 6 7 8 7 4 4 2 2 7 5 8 5 4
