<number of products>
4
<product cycle>
1 2
2 2
3 3
4 4
<number of workstations>
30
<station length>
12 6 20 13 10 5 20 11 18 15 8 7 12 13 5 18 16 16 19 10 5 8 5 13 11 10 10 12 6 10
<working hours>
1 12 12 12 10 15 20 7 20 13 25 10 7 9 12 17 15 19 10 8 11 21 18 6 11 17 7 23 11 19 9
2 8 11 12 8 10 19 9 19 13 11 14 22 23 22 24 24 16 20 11 25 23 24 12 20 19 11 25 20 14 16
3 14 25 12 6 12 18 15 18 23 20 8 24 9 10 7 13 23 9 23 21 18 24 10 7 22 11 23 13 10 13
4 7 22 25 23 8 13 23 23 8 16 22 23 8 14 14 16 23 10 11 7 19 21 12 10 13 8 22 10 25 20
<interval time>
5
<product switching cost>
1,1 0
1,2 1
1,3 6
1,4 11
2,1 10
2,2 0
2,3 8
2,4 1
3,1 11
3,2 12
3,3 0
3,4 5
4,1 7
4,2 2
4,3 10
4,4 0
<number of parts>
14
<optional frequency>
1 4
1 3
3 3
1 5
1 5
2 3
3 3
5 5
1 3
2 5
1 4
3 4
3 3
5 5
<product assembly parts>
0 2 5 5 6 1 8 4 4 4 2 1 8 2
8 7 4 7 8 1 2 2 4 8 0 5 6 7
0 8 6 7 0 0 0 0 4 3 6 5 5 1
5 8 4 8 2 6 6 1 3 6 2 4 8 3
