<number of products>
4
<product cycle>
1 4
2 5
3 6
4 7
<number of workstations>
20
<station length>
18 5 9 5 7 17 5 9 19 16 10 12 12 14 11 12 17 13 6 13
<working hours>
1 8 10 6 24 9 9 20 25 9 9 10 15 14 11 8 8 21 17 12 18
2 9 21 6 19 8 21 8 12 19 18 16 20 11 11 15 6 11 24 25 7
3 9 16 17 21 25 25 23 6 11 22 14 9 12 25 6 23 6 22 22 10
4 12 17 9 12 6 16 10 13 8 10 14 14 21 12 8 17 23 15 20 21
<interval time>
5
<product switching cost>
1,1 0
1,2 6
1,3 8
1,4 6
2,1 3
2,2 0
2,3 4
2,4 2
3,1 3
3,2 10
3,3 0
3,4 11
4,1 4
4,2 6
4,3 1
4,4 0
<number of parts>
16
<optional frequency>
3 5
1 3
4 5
4 4
3 4
1 4
4 5
2 4
3 5
1 4
2 4
3 3
4 4
3 4
1 4
1 3
<product assembly parts>
5 6 2 5 3 1 3 5 5 2 5 1 0 5 0 5
3 7 5 3 8 1 6 4 3 8 3 1 8 4 1 6
6 5 5 3 3 0 7 7 0 4 6 1 1 7 2 5
6 3 0 4 0 0 7 4 2 6 0 8 8 0 5 0
