<number of products>
4
<product cycle>
1 5
2 6
3 7
4 7
<number of workstations>
20
<station length>
5 18 7 9 14 12 16 9 14 6 17 9 17 5 19 19 6 7 6 13
<working hours>
1 9 16 25 9 15 24 21 16 7 9 24 22 7 12 22 10 23 21 10 13
2 10 15 15 6 21 25 12 9 8 6 10 25 9 22 9 13 12 9 21 6
3 22 20 18 7 9 15 18 21 11 13 23 14 25 20 25 9 19 10 6 11
4 10 13 11 22 23 12 21 21 15 15 9 24 21 17 14 18 18 9 20 19
<interval time>
5
<product switching cost>
1,1 0
1,2 6
1,3 2
1,4 0
2,1 4
2,2 0
2,3 7
2,4 1
3,1 9
3,2 6
3,3 0
3,4 0
4,1 9
4,2 4
4,3 0
4,4 0
<number of parts>
16
<optional frequency>
1 4
2 4
4 4
1 4
2 3
5 5
2 3
5 5
1 4
3 3
2 3
5 5
4 4
2 5
3 4
1 4
<product assembly parts>
7 6 7 2 8 8 4 2 5 5 6 1 0 0 2 3
1 1 7 7 5 3 3 1 2 6 6 1 0 4 1 0
1 7 5 0 2 5 1 7 6 2 8 3 3 4 7 7
4 3 3 2 6 8 3 1 0 1 3 0 2 0 5 6
