<number of products>
4
<product cycle>
1 2
2 3
3 4
4 4
<number of workstations>
25
<station length>
11 13 14 12 6 16 20 11 18 13 10 13 6 17 10 14 13 5 18 11 5 18 9 13 13
<working hours>
1 20 25 16 9 13 13 6 16 13 8 25 15 25 20 24 19 25 16 23 18 21 23 6 16 16
2 16 17 20 10 20 21 12 23 11 18 14 18 7 24 8 21 23 17 8 12 22 17 15 15 16
3 20 20 6 10 25 24 11 25 17 24 19 19 6 15 23 21 13 18 23 10 18 25 9 9 18
4 12 12 9 24 15 11 11 18 23 19 17 12 19 25 14 16 17 9 16 22 23 23 18 13 18
<interval time>
5
<product switching cost>
1,1 0
1,2 7
1,3 12
1,4 7
2,1 4
2,2 0
2,3 7
2,4 2
3,1 2
3,2 6
3,3 0
3,4 4
4,1 0
4,2 8
4,3 5
4,4 0
<number of parts>
15
<optional frequency>
2 5
1 5
4 4
4 4
3 3
3 3
1 3
5 5
1 5
5 5
4 5
2 3
2 5
3 3
4 5
<product assembly parts>
1 5 0 6 8 8 3 2 7 5 3 2 7 3 5
2 4 1 0 3 7 7 3 7 3 2 7 8 1 5
2 3 7 1 0 0 6 8 7 6 1 6 4 8 1
8 0 7 7 0 4 6 0 5 6 8 7 6 1 1
