<number of products>
4
<product cycle>
1 6
2 6
3 7
4 8
<number of workstations>
25
<station length>
9 12 16 13 19 12 19 10 8 12 10 6 7 17 9 5 14 19 20 17 17 19 16 17 13
<working hours>
1 22 19 11 22 21 10 7 12 8 25 17 15 9 25 19 18 18 15 17 6 16 21 12 6 12
2 19 10 20 24 10 15 18 13 10 6 13 20 14 21 18 20 20 17 12 20 10 19 7 13 10
3 9 15 17 7 17 20 18 19 8 25 15 17 22 23 21 7 21 8 17 16 12 15 22 11 6
4 9 10 23 14 7 6 22 12 22 17 6 20 18 16 25 20 17 25 16 15 17 7 22 24 9
<interval time>
5
<product switching cost>
1,1 0
1,2 7
1,3 12
1,4 7
2,1 6
2,2 0
2,3 12
2,4 8
3,1 0
3,2 10
3,3 0
3,4 12
4,1 8
4,2 11
4,3 11
4,4 0
<number of parts>
16
<optional frequency>
1 5
2 3
4 4
3 5
1 3
1 3
4 5
4 4
1 3
2 3
1 3
2 3
2 5
2 4
3 4
1 3
<product assembly parts>
1 2 0 4 7 1 3 7 2 7 1 1 7 5 5 7
4 8 8 5 5 8 2 8 4 3 3 0 6 7 4 5
8 4 7 6 0 4 4 1 2 8 3 3 3 7 2 1
8 8 5 6 6 6 5 4 1 3 2 7 1 5 0 6
