<number of products>
4
<product cycle>
1 5
2 6
3 7
4 7
<number of workstations>
30
<station length>
6 20 8 18 9 12 14 7 17 13 12 11 15 12 9 14 19 10 16 6 16 12 12 12 13 11 6 12 7 7
<working hours>
1 17 22 21 18 6 17 14 17 20 18 24 14 21 16 20 18 24 14 16 12 17 13 19 17 24 21 14 18 18 25
2 22 18 8 19 12 14 10 8 11 16 15 17 6 23 6 24 16 25 15 22 8 16 11 18 25 10 16 17 24 18
3 18 15 20 11 9 13 6 20 14 10 13 17 24 9 14 11 18 9 15 7 14 23 24 12 13 11 19 9 15 16
4 15 12 7 20 24 19 13 20 13 9 6 6 23 9 21 22 17 11 10 9 8 17 23 20 8 23 14 16 11 12
<interval time>
5
<product switching cost>
1,1 0
1,2 5
1,3 10
1,4 4
2,1 11
2,2 0
2,3 2
2,4 6
3,1 8
3,2 12
3,3 0
3,4 7
4,1 4
4,2 4
4,3 10
4,4 0
<number of parts>
15
<optional frequency>
1 3
2 4
2 5
1 5
5 5
3 4
2 5
2 3
4 4
3 3
4 4
3 5
2 4
2 3
1 3
<product assembly parts>
4 0 0 5 2 7 8 1 0 5 5 8 0 0 0
2 7 2 2 1 4 2 5 7 3 1 6 0 4 3
1 3 6 8 1 7 2 0 3 1 3 6 5 5 2
8 6 2 0 2 7 3 5 2 5 5 3 3 2 2
