<number of products>
4
<product cycle>
1 3
2 4
3 4
4 5
<number of workstations>
25
<station length>
19 8 17 5 19 11 17 6 19 19 17 11 11 17 8 7 10 8 10 11 8 20 16 15 18
<working hours>
1 12 12 8 22 17 21 14 22 9 20 6 6 18 19 18 9 17 17 15 8 19 15 13 8 18
2 21 6 14 16 7 10 13 11 24 6 10 22 10 10 21 7 7 25 12 15 17 25 19 11 19
3 11 11 22 10 11 17 9 11 6 21 12 15 18 17 14 25 16 6 6 16 6 21 7 10 19
4 7 23 18 25 22 11 11 9 6 17 13 8 19 8 9 21 20 19 23 20 10 25 6 15 21
<interval time>
5
<product switching cost>
1,1 0
1,2 7
1,3 4
1,4 2
2,1 5
2,2 0
2,3 10
2,4 8
3,1 5
3,2 9
3,3 0
3,4 10
4,1 11
4,2 1
4,3 7
4,4 0
<number of parts>
15
<optional frequency>
5 5
1 3
3 3
1 3
3 3
3 3
3 3
3 4
1 5
1 3
2 4
3 5
4 4
5 5
5 5
<product assembly parts>
4 2 5 6 5 2 0 6 0 3 2 0 2 0 3
2 6 5 0 7 7 5 3 6 7 3 7 4 8 7
1 4 8 5 5 2 4 5 7 8 7 1 5 8 4
1 5 6 0 8 2 1 3 7 1 1 8 4 2 5
