<number of products>
4
<product cycle>
1 2
2 3
3 3
4 4
<number of workstations>
30
<station length>
15 16 6 16 14 10 17 6 6 20 6 18 11 12 18 19 16 5 10 9 7 6 13 6 8 17 13 8 5 13
<working hours>
1 14 11 23 21 21 13 22 12 18 12 22 8 18 14 13 10 8 10 18 25 15 11 22 24 15 19 15 11 6 13
2 19 10 17 22 19 12 9 15 14 8 20 7 18 15 18 11 17 17 15 7 11 18 13 17 16 23 11 15 12 6
3 8 21 18 15 19 14 15 22 24 22 22 6 13 9 17 13 23 22 22 11 14 16 10 20 25 7 16 7 15 7
4 15 13 12 12 12 17 12 22 14 24 16 9 18 13 10 9 8 9 25 20 22 20 9 23 7 25 12 13 24 8
<interval time>
5
<product switching cost>
1,1 0
1,2 10
1,3 10
1,4 3
2,1 7
2,2 0
2,3 3
2,4 2
3,1 6
3,2 10
3,3 0
3,4 5
4,1 3
4,2 0
4,3 6
4,4 0
<number of parts>
12
<optional frequency>
1 5
3 3
4 5
4 4
2 3
4 5
5 5
1 3
1 3
1 3
1 5
4 4
<product assembly parts>
1 8 2 8 0 3 6 5 7 7 4 4
1 6 0 3 6 5 5 2 0 1 4 1
1 8 4 1 8 4 3 3 6 8 7 5
0 2 6 3 2 2 3 8 2 1 3 7
