<number of products>
4
<product cycle>
1 6
2 7
3 8
4 8
<number of workstations>
25
<station length>
15 12 19 13 14 6 12 13 17 13 5 12 6 12 19 12 17 5 18 6 7 13 18 5 14
<working hours>
1 25 7 21 24 12 23 23 15 9 13 18 23 16 11 23 12 6 19 8 16 13 21 6 9 10
2 14 11 15 14 19 11 19 12 11 17 9 15 15 23 23 8 8 10 9 6 13 8 14 11 9
3 20 16 9 22 23 20 22 9 21 25 14 8 17 8 17 11 18 12 23 14 6 25 8 8 11
4 10 16 11 22 23 12 21 17 6 16 18 19 9 22 18 12 11 12 25 21 24 8 13 21 23
<interval time>
5
<product switching cost>
1,1 0
1,2 12
1,3 7
1,4 6
2,1 5
2,2 0
2,3 10
2,4 5
3,1 3
3,2 0
3,3 0
3,4 0
4,1 7
4,2 3
4,3 0
4,4 0
<number of parts>
16
<optional frequency>
1 4
3 5
3 5
1 4
4 4
1 3
3 3
5 5
3 3
2 3
3 4
3 3
3 3
2 4
4 4
1 4
<product assembly parts>
1 0 4 2 4 6 2 4 5 6 1 8 5 1 7 4
4 6 0 0 4 5 2 1 2 8 1 5 1 1 4 5
5 1 2 3 1 3 0 4 4 8 8 1 8 8 4 8
4 1 6 0 4 6 1 5 4 0 2 1 1 0 1 7
