<number of products>
4
<product cycle>
1 5
2 6
3 7
4 8
<number of workstations>
30
<station length>
9 19 12 11 10 5 14 16 20 12 16 12 9 12 18 18 7 16 6 20 17 7 6 19 6 10 17 20 8 10
<working hours>
1 12 18 7 9 6 21 9 10 18 9 17 23 13 23 23 11 8 21 19 14 23 14 18 21 12 16 20 14 10 10
2 12 12 10 10 11 22 6 9 25 15 14 10 17 23 24 10 11 11 17 18 7 18 11 25 16 12 17 7 18 13
3 21 13 8 9 23 7 14 18 21 14 9 13 6 21 16 13 23 15 9 23 16 10 6 8 13 18 11 18 7 22
4 15 18 13 24 21 17 18 8 16 14 21 7 17 16 14 24 8 11 8 17 8 19 14 8 8 24 16 16 19 14
<interval time>
5
<product switching cost>
1,1 0
1,2 0
1,3 9
1,4 10
2,1 1
2,2 0
2,3 9
2,4 11
3,1 6
3,2 9
3,3 0
3,4 3
4,1 9
4,2 5
4,3 7
4,4 0
<number of parts>
16
<optional frequency>
3 4
1 3
1 4
1 3
2 4
2 4
1 5
3 3
4 5
1 3
1 5
2 3
1 3
2 5
4 5
4 5
<product assembly parts>
7 8 7 6 0 8 7 3 1 2 6 7 7 3 1 2
2 7 6 0 7 5 8 8 7 8 6 5 3 3 4 3
1 1 6 5 4 3 0 8 5 2 3 1 2 0 2 1
1 5 0 5 7 6 4 4 7 4 7 0 0 0 2 6
