<number of products>
4
<product cycle>
1 5
2 5
3 6
4 7
<number of workstations>
25
<station length>
13 12 12 6 5 6 12 20 6 6 12 12 9 9 15 15 17 17 5 14 20 5 18 7 6
<working hours>
1 12 24 7 12 13 24 21 6 17 8 24 17 22 11 18 12 10 23 6 25 15 14 23 17 22
2 18 11 12 25 14 16 12 16 14 18 9 15 20 6 20 25 22 18 12 11 9 7 18 9 12
3 12 24 15 12 24 15 17 20 7 13 24 14 12 22 6 15 6 12 11 16 12 21 18 16 20
4 18 25 11 21 21 23 25 15 13 8 25 9 6 6 25 7 6 14 6 15 20 18 24 11 9
<interval time>
5
<product switching cost>
1,1 0
1,2 0
1,3 5
1,4 3
2,1 10
2,2 0
2,3 3
2,4 6
3,1 11
3,2 5
3,3 0
3,4 1
4,1 4
4,2 6
4,3 10
4,4 0
<number of parts>
12
<optional frequency>
1 4
2 3
2 3
2 4
3 3
1 5
2 4
1 3
3 3
2 3
5 5
3 4
<product assembly parts>
0 7 1 2 3 1 6 6 0 0 7 6
7 6 2 0 0 1 4 4 7 3 4 0
4 3 3 7 0 0 6 8 7 3 0 4
5 1 5 7 7 8 2 5 5 8 8 2
