<number of products>
4
<product cycle>
1 2
2 2
3 3
4 4
<number of workstations>
20
<station length>
13 10 15 12 10 11 5 10 13 8 5 9 17 8 15 11 14 19 12 16
<working hours>
1 17 11 22 25 19 8 9 10 10 12 12 23 18 17 16 25 19 13 7 25
2 24 12 23 15 10 16 13 7 14 10 22 24 21 12 8 21 25 8 11 22
3 18 22 17 21 22 20 11 16 17 22 21 21 21 14 24 18 24 7 12 13
4 12 20 13 18 12 15 19 18 24 11 17 14 23 8 10 8 15 20 22 17
<interval time>
5
<product switching cost>
1,1 0
1,2 3
1,3 9
1,4 0
2,1 7
2,2 0
2,3 8
2,4 9
3,1 5
3,2 6
3,3 0
3,4 7
4,1 7
4,2 6
4,3 6
4,4 0
<number of parts>
14
<optional frequency>
3 4
4 4
1 3
2 4
1 4
1 4
1 4
2 4
1 3
2 3
3 3
2 3
3 3
3 4
<product assembly parts>
4 4 3 2 8 4 0 4 4 5 6 6 0 7
8 2 6 3 3 3 7 3 8 8 7 7 5 1
5 3 6 6 3 7 7 8 0 5 2 2 4 0
7 5 5 3 6 6 6 8 4 5 0 0 2 2
