<number of products>
4
<product cycle>
1 3
2 3
3 4
4 5
<number of workstations>
20
<station length>
15 17 13 12 13 20 8 9 20 7 15 12 7 15 17 17 18 12 12 13
<working hours>
1 9 15 8 9 8 16 24 12 9 24 17 10 16 18 24 6 15 7 24 23
2 12 18 19 16 17 10 22 25 24 13 9 18 6 23 20 16 10 15 13 21
3 20 10 25 15 10 7 25 16 15 22 9 14 24 21 12 21 15 18 7 16
4 10 12 13 7 11 21 18 15 11 6 23 18 16 19 21 17 18 18 8 22
<interval time>
5
<product switching cost>
1,1 0
1,2 11
1,3 4
1,4 4
2,1 11
2,2 0
2,3 3
2,4 11
3,1 8
3,2 6
3,3 0
3,4 1
4,1 2
4,2 5
4,3 12
4,4 0
<number of parts>
16
<optional frequency>
3 3
4 4
2 5
2 5
4 4
2 4
1 3
2 5
1 5
1 4
2 5
4 4
2 5
1 3
4 4
1 3
<product assembly parts>
1 8 5 6 2 6 3 0 1 3 6 7 4 2 6 1
7 6 4 7 5 0 1 1 1 1 7 8 3 0 7 4
1 2 6 7 6 4 2 1 5 1 8 2 6 0 6 8
8 8 7 1 8 8 1 3 1 2 2 0 8 7 5 1
