<number of products>
4
<product cycle>
1 5
2 6
3 6
4 7
<number of workstations>
30
<station length>
10 7 13 19 19 5 9 5 19 8 7 16 10 12 5 10 11 18 10 8 10 7 16 8 20 5 16 8 18 8
<working hours>
1 9 22 19 12 23 17 16 23 23 8 24 16 24 20 21 11 9 18 23 22 7 7 16 13 21 23 25 12 8 23
2 18 25 10 22 24 21 11 22 14 16 15 7 9 22 10 11 21 11 6 7 11 23 12 25 15 23 10 13 10 10
3 7 14 8 14 14 21 14 12 10 22 9 8 19 17 24 25 12 6 10 6 10 7 12 7 14 10 13 10 10 20
4 21 17 10 9 13 17 12 7 10 22 8 19 16 7 19 14 18 12 6 7 17 25 13 20 20 20 17 18 24 9
<interval time>
5
<product switching cost>
1,1 0
1,2 9
1,3 8
1,4 3
2,1 2
2,2 0
2,3 12
2,4 1
3,1 10
3,2 0
3,3 0
3,4 10
4,1 2
4,2 9
4,3 1
4,4 0
<number of parts>
15
<optional frequency>
1 5
3 4
1 4
3 3
5 5
1 3
2 3
3 3
3 5
3 3
4 4
1 3
1 5
1 3
4 4
<product assembly parts>
0 8 0 5 6 8 5 6 6 7 0 6 3 6 2
1 8 6 5 5 0 4 4 4 4 0 7 6 6 3
4 3 3 6 5 0 4 6 2 7 3 2 2 6 2
6 1 1 4 2 4 3 6 2 5 8 5 4 2 1
