<number of products>
4
<product cycle>
1 3
2 4
3 5
4 6
<number of workstations>
30
<station length>
8 6 11 5 18 12 8 19 17 13 7 20 10 18 6 5 8 16 19 8 9 5 8 15 6 19 7 11 6 18
<working hours>
1 20 9 13 7 20 13 16 8 7 15 17 22 14 21 15 12 18 11 9 12 6 6 24 19 11 17 23 22 17 20
2 19 19 25 14 21 6 12 9 23 6 16 12 12 25 18 11 20 14 19 18 19 10 8 17 24 8 22 13 10 21
3 6 7 7 14 18 19 19 9 15 16 24 6 8 9 7 20 24 21 20 9 14 7 6 14 24 13 23 23 8 24
4 14 24 6 16 13 8 16 11 7 14 25 25 22 7 24 15 25 21 18 25 22 21 13 8 12 20 24 20 9 19
<interval time>
5
<product switching cost>
1,1 0
1,2 6
1,3 9
1,4 8
2,1 11
2,2 0
2,3 4
2,4 1
3,1 6
3,2 6
3,3 0
3,4 1
4,1 2
4,2 3
4,3 7
4,4 0
<number of parts>
14
<optional frequency>
2 3
3 4
1 3
2 3
2 4
3 3
5 5
5 5
3 5
5 5
3 3
1 4
3 3
2 4
<product assembly parts>
6 2 0 3 7 0 8 7 8 2 1 1 6 0
2 0 4 1 8 1 3 5 8 8 7 2 1 1
7 0 8 8 4 8 0 1 8 6 4 4 8 2
2 1 7 5 8 8 3 7 8 5 7 0 8 2
