<number of products>
4
<product cycle>
1 6
2 6
3 7
4 8
<number of workstations>
20
<station length>
8 16 9 6 12 19 19 8 5 20 6 13 13 17 14 7 6 13 17 20
<working hours>
1 6 18 18 20 7 13 12 18 11 19 23 7 15 7 23 17 6 25 16 14
2 24 12 6 16 25 19 19 7 9 23 18 15 23 20 19 24 24 22 14 11
3 18 20 13 10 6 14 14 8 13 23 15 16 24 18 7 25 14 17 14 14
4 25 6 9 15 24 16 14 11 20 20 6 20 6 20 7 17 21 23 12 19
<interval time>
5
<product switching cost>
1,1 0
1,2 0
1,3 9
1,4 1
2,1 4
2,2 0
2,3 9
2,4 8
3,1 5
3,2 1
3,3 0
3,4 7
4,1 2
4,2 4
4,3 12
4,4 0
<number of parts>
14
<optional frequency>
4 4
1 3
2 5
3 3
1 5
1 3
1 5
3 3
4 5
3 5
3 3
2 5
3 3
3 4
<product assembly parts>
0 5 8 0 3 5 1 1 8 7 1 8 1 3
3 5 5 6 1 6 4 2 0 5 5 5 6 5
7 4 0 2 5 0 4 2 0 1 3 5 8 8
5 3 6 0 2 6 1 1 3 8 8 6 8 1
