<number of products>
4
<product cycle>
1 3
2 4
3 5
4 5
<number of workstations>
20
<station length>
7 16 9 16 6 18 20 17 10 16 8 15 12 8 14 14 20 14 13 11
<working hours>
1 6 24 18 12 15 22 7 20 25 21 7 17 6 25 20 16 15 17 9 6
2 17 11 18 17 6 9 19 21 12 8 22 22 10 19 9 21 6 10 14 13
3 21 18 17 15 17 19 11 23 14 9 20 20 11 10 17 19 6 17 12 9
4 12 15 7 10 18 19 16 7 11 12 21 14 9 19 21 23 21 10 16 18
<interval time>
5
<product switching cost>
1,1 0
1,2 8
1,3 11
1,4 11
2,1 6
2,2 0
2,3 2
2,4 1
3,1 1
3,2 12
3,3 0
3,4 0
4,1 2
4,2 2
4,3 5
4,4 0
<number of parts>
16
<optional frequency>
3 3
1 3
3 5
1 4
4 4
3 4
1 4
2 4
2 5
5 5
1 3
1 4
2 4
4 5
2 3
1 5
<product assembly parts>
8 2 3 2 3 1 2 6 0 4 3 2 6 0 3 1
0 6 6 8 4 3 3 5 6 7 0 8 6 0 4 1
4 5 4 5 6 3 5 0 2 0 0 0 5 3 4 7
4 1 6 2 4 7 5 5 4 1 1 0 8 2 5 5
