<number of products>
4
<product cycle>
1 5
2 5
3 6
4 7
<number of workstations>
30
<station length>
15 8 6 20 14 5 8 12 8 7 8 19 17 8 5 9 15 14 19 17 6 10 10 5 17 16 12 15 13 7
<working hours>
1 11 6 8 10 11 20 16 24 17 7 6 11 19 7 8 16 9 16 12 11 17 24 14 20 25 16 7 20 15 7
2 21 9 20 12 10 20 25 23 7 17 24 17 6 13 8 7 6 18 15 25 12 15 6 12 24 9 6 14 17 10
3 7 12 19 7 22 25 15 8 8 23 15 25 9 13 16 25 25 11 23 17 17 13 17 24 16 10 7 17 18 8
4 7 7 19 21 24 24 6 6 18 24 19 23 7 8 23 18 20 21 14 7 13 21 22 14 10 12 12 24 15 15
<interval time>
5
<product switching cost>
1,1 0
1,2 9
1,3 11
1,4 5
2,1 3
2,2 0
2,3 0
2,4 0
3,1 6
3,2 7
3,3 0
3,4 7
4,1 6
4,2 12
4,3 2
4,4 0
<number of parts>
14
<optional frequency>
1 4
1 3
3 5
1 3
2 4
3 4
2 4
2 4
1 4
3 4
3 3
3 3
3 3
2 5
<product assembly parts>
3 3 4 5 1 1 0 0 0 6 0 5 3 0
8 8 6 8 4 3 0 2 1 1 6 6 7 3
2 0 4 5 7 5 8 8 7 5 2 1 2 6
4 2 6 0 3 3 6 2 0 2 7 5 5 8
