<number of products>
4
<product cycle>
1 3
2 4
3 5
4 6
<number of workstations>
25
<station length>
11 14 14 10 17 7 11 7 7 17 13 9 15 16 17 9 17 8 14 7 15 12 19 6 12
<working hours>
1 23 10 14 6 21 13 13 13 13 20 12 10 6 15 13 6 25 21 20 19 23 23 24 12 19
2 11 22 24 18 24 18 14 17 14 19 17 17 13 16 23 17 8 10 16 13 23 24 10 9 22
3 21 23 16 9 25 13 17 23 13 20 14 24 7 20 25 20 21 24 19 8 11 6 23 20 23
4 7 17 21 10 8 17 8 14 24 14 6 25 21 19 10 18 12 20 15 23 15 16 13 24 22
<interval time>
5
<product switching cost>
1,1 0
1,2 6
1,3 2
1,4 12
2,1 8
2,2 0
2,3 10
2,4 9
3,1 5
3,2 0
3,3 0
3,4 9
4,1 0
4,2 11
4,3 12
4,4 0
<number of parts>
14
<optional frequency>
1 5
3 3
3 3
2 4
2 5
3 3
1 3
3 3
1 4
1 4
2 3
4 5
4 4
4 5
<product assembly parts>
2 5 2 1 4 5 2 6 4 7 1 2 4 6
3 3 5 1 5 7 1 8 4 0 0 8 0 5
1 2 0 8 0 0 5 6 4 0 5 1 2 3
7 2 8 3 5 1 2 5 2 7 2 8 2 7
