<number of products>
4
<product cycle>
1 3
2 4
3 4
4 5
<number of workstations>
20
<station length>
6 9 11 10 7 13 6 7 8 14 16 10 18 5 12 14 6 14 19 9
<working hours>
1 24 21 16 22 17 25 23 22 12 9 7 13 7 12 10 15 12 10 25 23
2 12 24 17 14 10 25 19 8 23 14 14 18 11 18 20 8 14 19 10 23
3 12 8 14 12 17 24 22 25 11 19 10 16 19 18 6 25 13 8 14 9
4 23 9 23 19 8 16 8 17 16 14 10 13 14 6 9 18 13 18 9 9
<interval time>
5
<product switching cost>
1,1 0
1,2 2
1,3 8
1,4 11
2,1 4
2,2 0
2,3 9
2,4 12
3,1 7
3,2 1
3,3 0
3,4 8
4,1 5
4,2 11
4,3 9
4,4 0
<number of parts>
14
<optional frequency>
3 5
1 5
1 3
4 4
2 3
5 5
5 5
4 4
2 5
1 4
5 5
2 5
2 5
2 3
<product assembly parts>
4 0 5 3 6 7 2 7 5 7 8 4 4 6
8 3 4 1 4 6 5 1 1 1 3 1 2 0
1 4 8 7 0 6 8 2 7 7 8 8 1 6
0 3 0 6 8 5 3 8 0 7 2 8 3 2
