<number of products>
4
<product cycle>
1 2
2 2
3 3
4 4
<number of workstations>
25
<station length>
18 16 10 5 16 19 16 18 11 11 17 16 10 5 11 19 16 11 5 14 15 8 16 13 5
<working hours>
1 25 14 7 14 21 18 7 14 14 7 24 6 21 25 20 21 11 21 23 9 7 17 6 25 10
2 11 10 8 19 9 7 20 7 16 9 23 14 12 25 6 16 16 11 24 17 22 6 18 19 7
3 8 12 22 10 14 8 11 20 7 14 25 12 22 19 11 6 15 14 23 17 9 16 20 24 8
4 24 20 8 9 8 11 8 11 16 24 6 11 6 12 17 20 8 13 15 12 10 15 7 18 15
<interval time>
5
<product switching cost>
1,1 0
1,2 2
1,3 4
1,4 2
2,1 9
2,2 0
2,3 5
2,4 6
3,1 3
3,2 3
3,3 0
3,4 4
4,1 3
4,2 2
4,3 4
4,4 0
<number of parts>
14
<optional frequency>
4 5
1 4
3 4
3 5
4 4
2 5
3 3
2 4
5 5
3 3
3 4
3 5
2 3
5 5
<product assembly parts>
8 4 1 8 3 4 3 7 4 0 1 8 2 7
2 7 5 5 6 0 5 1 5 0 2 6 7 5
5 1 2 5 4 2 7 8 2 0 7 7 6 6
7 3 4 5 5 7 6 4 0 3 8 1 6 6
