<number of products>
4
<product cycle>
1 4
2 5
3 6
4 6
<number of workstations>
30
<station length>
7 18 16 10 13 13 13 16 13 13 18 6 11 16 7 20 11 19 8 5 15 12 8 9 19 13 17 18 9 6
<working hours>
1 15 16 21 24 10 21 9 14 20 10 14 18 13 7 8 25 23 18 14 11 14 10 12 23 13 24 20 11 22 13
2 13 24 9 10 9 23 21 6 18 11 24 12 11 22 22 7 24 23 12 11 10 9 7 9 6 11 13 11 6 6
3 8 22 18 20 19 18 9 7 6 22 25 23 21 18 9 6 23 8 15 12 17 18 8 15 7 13 23 15 16 13
4 8 24 22 7 21 14 19 23 10 12 16 15 19 24 16 9 7 6 12 6 20 18 11 6 17 14 16 24 18 20
<interval time>
5
<product switching cost>
1,1 0
1,2 1
1,3 5
1,4 0
2,1 11
2,2 0
2,3 0
2,4 6
3,1 6
3,2 10
3,3 0
3,4 6
4,1 6
4,2 4
4,3 1
4,4 0
<number of parts>
12
<optional frequency>
3 3
3 4
1 4
1 5
2 5
1 4
3 4
2 3
5 5
4 4
3 3
1 5
<product assembly parts>
5 8 3 6 6 8 3 4 8 2 6 8
6 2 6 7 0 8 3 8 6 8 8 8
1 7 8 7 1 5 0 5 6 2 5 7
1 7 6 0 3 2 0 1 2 6 5 7
