<number of products>
4
<product cycle>
1 2
2 3
3 4
4 4
<number of workstations>
20
<station length>
15 11 11 17 18 8 12 11 8 16 15 10 5 17 15 5 17 11 19 12
<working hours>
1 8 14 25 17 7 8 12 19 15 25 21 9 23 24 11 14 9 25 16 18
2 10 16 11 16 21 8 16 6 25 24 20 18 22 13 22 24 6 13 6 25
3 9 15 13 19 13 25 8 7 10 17 21 15 12 10 18 12 7 13 25 20
4 16 10 14 16 7 22 19 15 6 13 16 16 13 12 23 7 13 13 25 18
<interval time>
5
<product switching cost>
1,1 0
1,2 8
1,3 5
1,4 2
2,1 7
2,2 0
2,3 10
2,4 0
3,1 1
3,2 7
3,3 0
3,4 1
4,1 3
4,2 0
4,3 10
4,4 0
<number of parts>
13
<optional frequency>
1 3
1 3
5 5
1 3
1 5
4 4
2 4
2 5
2 3
3 3
2 3
4 4
2 5
<product assembly parts>
4 7 1 5 6 6 2 7 7 6 8 6 2
7 0 6 6 1 4 8 2 8 2 4 6 7
4 7 4 6 8 7 1 5 2 7 3 2 3
0 0 8 5 7 6 6 6 5 6 7 4 1
