<number of products>
4
<product cycle>
1 4
2 5
3 5
4 6
<number of workstations>
20
<station length>
7 17 9 11 17 6 12 17 10 7 19 20 15 17 17 10 6 16 18 11
<working hours>
1 14 9 9 8 17 25 16 6 13 15 11 23 9 8 12 25 6 15 12 23
2 12 7 13 14 8 24 24 7 24 21 7 7 16 8 15 6 17 15 18 22
3 12 16 18 17 10 9 16 19 22 9 22 10 6 24 18 21 24 7 15 11
4 10 20 8 8 13 12 10 11 22 22 25 22 16 20 10 16 15 17 25 19
<interval time>
5
<product switching cost>
1,1 0
1,2 0
1,3 11
1,4 12
2,1 10
2,2 0
2,3 6
2,4 3
3,1 3
3,2 9
3,3 0
3,4 9
4,1 1
4,2 2
4,3 9
4,4 0
<number of parts>
15
<optional frequency>
1 3
2 3
1 5
1 4
3 4
2 3
1 3
3 4
1 4
1 3
4 5
4 4
4 4
2 5
3 3
<product assembly parts>
7 0 5 4 6 6 2 7 5 8 5 5 1 6 8
7 4 0 0 3 8 0 2 1 4 6 2 6 1 3
6 7 1 5 7 7 8 7 1 1 2 1 6 6 3
6 5 1 5 5 7 3 7 1 4 7 0 8 2 7
