<number of products>
4
<product cycle>
1 4
2 5
3 6
4 7
<number of workstations>
30
<station length>
10 17 5 14 7 5 16 9 7 19 16 15 15 8 19 20 19 14 7 9 20 14 17 10 7 8 9 13 7 17
<working hours>
1 10 19 14 11 11 10 25 21 16 22 24 8 20 7 14 17 14 10 9 23 17 15 17 21 7 16 19 22 10 6
2 24 10 10 17 21 6 24 6 7 8 18 13 16 19 14 7 20 11 12 10 14 21 11 22 11 23 25 16 14 6
3 7 8 21 22 22 11 11 14 20 13 8 10 19 8 18 23 17 6 21 8 7 17 23 7 8 9 24 17 6 25
4 11 20 9 8 16 11 19 8 7 17 13 20 7 24 10 12 7 7 20 8 19 24 16 6 6 21 14 8 22 24
<interval time>
5
<product switching cost>
1,1 0
1,2 12
1,3 4
1,4 8
2,1 11
2,2 0
2,3 5
2,4 11
3,1 4
3,2 3
3,3 0
3,4 12
4,1 10
4,2 2
4,3 12
4,4 0
<number of parts>
16
<optional frequency>
4 5
2 4
3 4
3 3
3 4
1 4
1 4
5 5
2 3
2 3
1 5
3 3
1 3
3 4
1 3
4 4
<product assembly parts>
3 2 1 7 4 3 5 7 4 8 3 5 2 6 8 0
6 4 8 6 0 6 7 3 8 3 4 4 8 8 3 8
4 2 5 3 6 4 6 2 8 0 5 5 0 7 7 4
0 6 5 7 5 5 1 5 6 2 3 2 0 0 8 5
