<number of products>
4
<product cycle>
1 4
2 5
3 6
4 6
<number of workstations>
20
<station length>
9 11 15 6 17 6 16 18 20 11 6 11 5 18 13 13 10 7 9 7
<working hours>
1 14 18 8 15 20 19 22 12 14 11 7 8 19 16 15 11 12 17 19 21
2 21 23 11 19 17 24 18 6 23 25 12 8 24 25 10 16 16 6 10 20
3 10 21 16 9 19 14 22 6 20 10 20 24 9 7 12 12 19 23 11 25
4 18 12 17 12 12 24 6 17 17 6 15 15 22 9 21 20 19 19 17 17
<interval time>
5
<product switching cost>
1,1 0
1,2 8
1,3 6
1,4 8
2,1 12
2,2 0
2,3 5
2,4 1
3,1 2
3,2 7
3,3 0
3,4 6
4,1 5
4,2 2
4,3 8
4,4 0
<number of parts>
16
<optional frequency>
3 3
4 4
4 4
3 5
5 5
1 3
1 3
1 5
4 5
2 3
5 5
1 5
4 5
5 5
3 3
4 4
<product assembly parts>
3 3 7 8 6 1 3 7 1 5 7 6 6 0 5 3
8 4 4 4 4 6 3 0 6 0 0 0 2 5 8 5
5 2 6 3 8 6 3 6 0 6 2 6 2 6 5 8
2 6 3 1 2 8 1 6 4 8 2 5 3 1 1 0
