<number of products>
4
<product cycle>
1 4
2 5
3 6
4 6
<number of workstations>
25
<station length>
14 17 9 8 11 15 14 7 16 20 5 18 10 16 13 11 13 5 20 15 10 6 12 14 13
<working hours>
1 20 19 16 7 14 20 8 16 23 7 10 25 6 24 6 15 18 12 21 18 18 7 14 18 16
2 17 22 19 19 16 10 17 14 23 12 21 15 14 8 20 8 16 22 9 6 10 9 13 8 11
3 17 8 10 24 13 8 8 6 6 16 25 8 10 24 20 16 9 25 9 7 10 12 8 11 8
4 8 6 19 13 12 7 8 18 16 22 12 21 12 21 25 11 21 15 24 7 20 11 22 6 8
<interval time>
5
<product switching cost>
1,1 0
1,2 2
1,3 3
1,4 4
2,1 2
2,2 0
2,3 8
2,4 9
3,1 3
3,2 11
3,3 0
3,4 1
4,1 11
4,2 12
4,3 1
4,4 0
<number of parts>
13
<optional frequency>
2 3
1 3
3 4
4 5
3 5
2 3
3 4
2 5
1 5
3 5
2 4
1 3
2 3
<product assembly parts>
5 0 6 1 7 0 1 5 5 1 4 5 7
5 7 5 7 4 7 5 8 3 3 2 0 5
6 7 7 5 6 7 7 7 2 2 6 6 0
2 5 6 2 6 5 0 6 2 2 2 3 1
