<number of products>
4
<product cycle>
1 2
2 2
3 3
4 3
<number of workstations>
30
<station length>
6 20 16 17 8 13 10 12 7 15 10 10 8 5 20 11 9 10 12 18 5 13 11 20 12 6 18 11 17 11
<working hours>
1 22 15 17 10 18 24 19 24 15 14 13 25 9 19 14 25 21 6 9 18 24 12 14 10 24 11 24 9 13 10
2 7 13 13 7 8 18 10 12 14 9 24 6 12 9 6 19 9 16 12 20 10 10 9 17 16 19 18 22 14 20
3 12 10 12 18 17 12 13 21 21 14 19 7 14 6 19 20 11 7 7 20 22 15 12 19 9 15 10 15 14 11
4 19 6 21 22 8 24 20 17 15 13 20 12 14 21 18 14 11 21 13 20 10 6 13 21 18 13 23 22 10 9
<interval time>
5
<product switching cost>
1,1 0
1,2 4
1,3 11
1,4 5
2,1 8
2,2 0
2,3 4
2,4 11
3,1 1
3,2 4
3,3 0
3,4 10
4,1 8
4,2 12
4,3 4
4,4 0
<number of parts>
15
<optional frequency>
1 3
1 5
2 3
2 4
5 5
5 5
2 5
4 5
1 5
1 3
4 4
3 5
2 3
1 3
3 3
<product assembly parts>
4 6 4 4 3 6 5 1 6 7 3 3 5 0 5
5 7 3 8 5 7 3 6 8 0 1 1 2 3 6
0 3 7 6 8 1 1 8 7 2 3 3 3 5 1
0 4 0 6 1 4 7 3 1 5 3 1 1 4 8
