<number of products>
4
<product cycle>
1 5
2 6
3 7
4 7
<number of workstations>
25
<station length>
18 5 16 8 18 20 6 13 18 18 7 7 7 13 16 20 17 12 9 8 5 10 7 10 11
<working hours>
1 20 23 17 23 14 21 8 11 24 19 9 23 7 13 12 10 15 10 18 6 17 7 22 6 9
2 22 14 24 22 6 15 10 16 13 21 12 12 21 21 21 12 9 11 18 23 23 8 10 10 22
3 10 8 21 22 8 24 11 13 19 17 13 14 19 7 19 7 16 18 6 12 17 18 20 25 13
4 10 21 25 22 19 11 13 25 22 15 21 8 19 25 6 19 8 23 8 10 7 17 14 18 14
<interval time>
5
<product switching cost>
1,1 0
1,2 7
1,3 10
1,4 12
2,1 5
2,2 0
2,3 4
2,4 8
3,1 9
3,2 5
3,3 0
3,4 4
4,1 7
4,2 8
4,3 7
4,4 0
<number of parts>
15
<optional frequency>
5 5
5 5
5 5
5 5
2 3
1 4
4 5
1 4
3 4
3 4
5 5
2 3
2 4
2 5
3 4
<product assembly parts>
3 5 8 6 4 4 6 3 2 4 3 5 8 8 5
3 7 8 2 1 4 3 3 5 2 7 5 3 6 7
4 7 8 5 2 4 1 4 1 6 8 6 0 1 3
4 7 7 8 4 8 6 3 4 0 6 7 1 7 6
