<number of products>
4
<product cycle>
1 4
2 4
3 5
4 6
<number of workstations>
25
<station length>
5 6 8 14 14 8 16 10 10 8 20 11 9 15 19 17 19 8 7 15 12 16 9 12 20
<working hours>
1 12 18 7 17 7 21 24 9 22 8 16 22 24 24 23 22 18 23 12 15 16 10 20 12 15
2 19 18 19 18 8 21 6 21 9 16 23 21 25 18 15 21 15 7 22 7 12 8 15 24 24
3 23 11 16 7 23 6 7 15 18 12 17 23 7 19 22 22 11 22 17 7 12 9 20 11 13
4 16 8 12 21 12 24 25 6 7 18 12 9 15 6 13 16 11 18 13 17 18 7 10 10 25
<interval time>
5
<product switching cost>
1,1 0
1,2 3
1,3 9
1,4 10
2,1 4
2,2 0
2,3 6
2,4 10
3,1 9
3,2 11
3,3 0
3,4 10
4,1 4
4,2 3
4,3 10
4,4 0
<number of parts>
14
<optional frequency>
1 4
4 4
3 4
2 3
1 4
4 5
3 3
2 4
2 5
3 3
1 3
2 3
1 3
3 5
<product assembly parts>
2 4 6 4 8 4 4 4 1 1 6 3 1 8
7 3 2 8 0 7 7 1 1 3 0 6 2 1
1 3 6 5 7 2 7 0 8 3 3 5 0 0
2 5 4 2 5 7 3 0 6 6 2 4 8 1
