<number of products>
4
<product cycle>
1 3
2 4
3 5
4 6
<number of workstations>
20
<station length>
16 16 12 13 11 17 7 8 9 8 6 11 11 19 8 7 15 14 20 11
<working hours>
1 23 10 7 10 12 19 23 14 23 17 17 20 9 19 8 21 19 22 22 6
2 11 25 14 10 15 7 24 7 12 18 21 23 22 8 11 20 22 18 23 18
3 18 25 14 12 11 6 11 24 12 24 6 22 20 22 22 14 15 13 15 14
4 23 9 11 13 7 23 13 15 7 10 14 10 14 7 13 12 23 9 6 17
<interval time>
5
<product switching cost>
1,1 0
1,2 10
1,3 9
1,4 5
2,1 5
2,2 0
2,3 1
2,4 11
3,1 8
3,2 4
3,3 0
3,4 11
4,1 2
4,2 6
4,3 9
4,4 0
<number of parts>
14
<optional frequency>
1 4
1 5
2 4
3 5
2 3
3 3
5 5
3 3
4 5
3 5
5 5
2 5
2 4
3 4
<product assembly parts>
3 6 2 7 3 6 5 2 7 1 7 2 7 2
2 3 7 2 4 0 4 2 2 6 3 1 2 1
6 3 7 6 1 8 2 0 1 6 6 0 1 0
0 2 3 1 4 2 0 0 1 8 5 1 3 2
