<number of products>
4
<product cycle>
1 2
2 3
3 3
4 4
<number of workstations>
20
<station length>
15 17 17 11 17 7 17 11 20 8 15 19 14 7 10 8 10 6 20 5
<working hours>
1 11 12 8 18 15 12 13 15 22 8 20 7 17 22 6 11 16 19 18 11
2 9 10 23 19 21 8 18 12 10 12 15 19 21 11 25 24 15 24 12 22
3 20 14 12 6 10 20 8 18 25 13 22 16 24 21 20 20 24 7 8 15
4 20 17 15 18 25 11 19 13 11 25 19 20 18 11 24 9 18 7 13 11
<interval time>
5
<product switching cost>
1,1 0
1,2 4
1,3 10
1,4 8
2,1 4
2,2 0
2,3 10
2,4 1
3,1 11
3,2 11
3,3 0
3,4 11
4,1 3
4,2 7
4,3 6
4,4 0
<number of parts>
16
<optional frequency>
2 3
1 3
3 5
4 4
2 3
3 3
2 3
1 3
4 5
3 4
4 5
2 3
1 3
1 4
2 5
4 4
<product assembly parts>
7 7 1 1 8 3 7 2 7 4 2 2 0 1 2 4
1 8 6 2 1 0 4 2 7 5 2 3 0 8 3 7
0 8 1 6 4 7 0 0 0 6 3 3 5 3 3 1
0 6 0 0 5 3 1 3 1 2 2 0 6 8 1 5
