<number of products>
4
<product cycle>
1 6
2 7
3 7
4 8
<number of workstations>
20
<station length>
6 20 19 15 13 11 14 12 15 12 16 12 19 15 8 12 19 18 16 7
<working hours>
1 17 23 22 8 17 21 25 13 20 19 13 24 10 23 13 19 24 10 25 14
2 15 16 16 9 8 19 19 22 10 24 21 12 11 20 6 11 9 19 14 23
3 21 9 10 7 19 6 11 8 10 22 22 18 19 17 10 18 23 13 15 9
4 16 16 24 25 25 9 7 8 17 20 19 20 19 15 21 10 11 24 22 8
<interval time>
5
<product switching cost>
1,1 0
1,2 2
1,3 0
1,4 9
2,1 9
2,2 0
2,3 5
2,4 10
3,1 10
3,2 7
3,3 0
3,4 6
4,1 5
4,2 7
4,3 2
4,4 0
<number of parts>
16
<optional frequency>
5 5
1 4
2 3
3 4
3 3
5 5
5 5
3 4
4 4
2 4
1 3
2 5
3 4
5 5
1 4
3 4
<product assembly parts>
2 1 4 4 7 7 3 2 4 4 1 3 4 2 1 3
8 8 2 0 0 8 8 3 0 7 0 5 3 4 6 7
8 2 7 4 1 1 7 6 7 4 1 2 4 1 5 1
3 1 5 2 8 5 4 7 8 1 5 0 6 1 8 5
