<number of products>
4
<product cycle>
1 4
2 5
3 6
4 7
<number of workstations>
25
<station length>
5 17 20 9 13 15 11 5 20 17 10 14 13 12 11 20 20 18 18 10 20 6 16 8 7
<working hours>
1 16 21 25 15 10 13 22 21 12 19 21 6 15 11 16 15 25 19 25 9 25 10 22 15 16
2 17 10 17 24 21 8 6 20 17 19 13 12 16 13 16 21 14 23 16 24 16 12 10 16 24
3 13 24 25 13 13 21 24 21 6 16 22 9 18 10 25 16 8 22 21 20 25 14 8 20 18
4 12 14 10 17 7 21 13 13 6 16 17 25 21 23 10 14 16 21 16 25 23 12 12 25 25
<interval time>
5
<product switching cost>
1,1 0
1,2 1
1,3 4
1,4 11
2,1 0
2,2 0
2,3 11
2,4 3
3,1 8
3,2 12
3,3 0
3,4 8
4,1 4
4,2 3
4,3 12
4,4 0
<number of parts>
15
<optional frequency>
1 4
3 4
1 3
1 4
3 3
4 5
2 3
2 4
4 4
2 5
4 5
1 4
4 4
2 4
5 5
<product assembly parts>
7 4 2 2 5 0 1 0 5 8 7 5 2 5 6
8 0 6 5 6 2 5 0 4 5 0 8 0 2 7
1 1 2 2 1 8 2 3 1 5 5 5 1 6 5
1 7 6 8 0 8 6 6 2 8 1 3 7 2 1
