<number of products>
4
<product cycle>
1 4
2 5
3 5
4 6
<number of workstations>
30
<station length>
13 15 16 6 17 20 5 6 5 14 9 14 13 10 6 14 17 17 13 18 18 20 18 6 15 18 13 10 5 14
<working hours>
1 16 19 17 21 20 16 23 6 24 20 15 16 13 12 22 25 6 19 10 13 17 14 18 18 10 11 19 16 15 7
2 9 18 16 25 25 17 13 7 6 19 11 11 9 11 10 15 11 20 19 21 21 15 18 10 16 25 8 18 6 9
3 8 11 14 9 8 17 22 14 23 22 18 7 6 23 6 9 21 24 22 18 21 21 23 10 12 8 11 24 25 17
4 20 6 14 20 10 19 14 11 19 8 10 9 11 7 12 22 14 13 21 16 13 19 17 24 18 23 7 20 23 17
<interval time>
5
<product switching cost>
1,1 0
1,2 10
1,3 2
1,4 5
2,1 4
2,2 0
2,3 8
2,4 2
3,1 4
3,2 2
3,3 0
3,4 1
4,1 10
4,2 8
4,3 11
4,4 0
<number of parts>
13
<optional frequency>
3 5
3 4
1 4
3 3
3 4
3 4
4 4
2 4
1 3
1 3
1 3
4 5
4 4
<product assembly parts>
1 7 7 6 3 3 4 2 7 2 0 3 8
8 6 2 1 7 5 0 8 0 1 6 3 0
4 5 3 0 6 3 5 8 8 2 4 3 5
3 4 0 0 1 8 1 6 7 7 8 4 8
