13.0 24.0 58.30857142857144 
14.0 22.0 57.90857142857142 
16.0 21.0 46.800000000000004 
17.0 18.0 51.200000000000024 
17.0 19.0 50.51428571428573 
18.0 20.0 48.85714285714286 
18.0 21.0 44.29714285714287 
19.0 18.0 50.02285714285712 
19.0 19.0 44.57142857142857 
20.0 20.0 43.08571428571429 
20.0 16.0 46.525714285714294 
21.0 20.0 42.765714285714296 
21.0 16.0 45.097142857142856 
21.0 18.0 44.18285714285714 
22.0 16.0 44.58285714285716 
22.0 17.0 43.95428571428572 
22.0 14.0 49.15428571428569 
22.0 15.0 48.30857142857143 
23.0 17.0 42.69714285714286 
23.0 18.0 42.160000000000004 
23.0 21.0 40.896551724137936 
24.0 14.0 39.177142857142854 
24.0 17.0 39.040000000000006 
25.0 12.0 51.25714285714286 
25.0 13.0 45.04000000000001 
26.0 14.0 35.87428571428571 
26.0 13.0 43.54285714285712 
27.0 13.0 35.2 
27.0 11.0 63.01714285714287 
27.0 12.0 42.548571428571435 
28.0 10.0 50.38857142857143 
28.0 17.0 35.04000000000001 
28.0 12.0 35.08571428571429 
29.0 12.0 33.26857142857143 
29.0 11.0 35.98830409356726 
30.0 16.0 33.03999999999999 
30.0 9.0 45.44 
30.0 10.0 35.33714285714285 
31.0 11.0 33.748571428571445 
31.0 16.0 29.19999999999998 
32.0 12.0 31.90857142857142 
32.0 11.0 33.302857142857135 
32.0 10.0 33.48571428571427 
32.0 13.0 28.33142857142856 
33.0 9.0 42.73142857142859 
33.0 12.0 30.937142857142838 
33.0 7.0 46.6857142857143 
33.0 8.0 43.81714285714286 
33.0 11.0 31.634285714285717 
34.0 9.0 35.02857142857144 
34.0 14.0 28.30857142857142 
34.0 11.0 30.754285714285707 
35.0 10.0 31.84 
35.0 11.0 27.142857142857142 
35.0 9.0 32.14857142857143 
36.0 8.0 38.83428571428572 
36.0 9.0 29.748571428571424 
37.0 9.0 29.325714285714284 
37.0 10.0 26.34285714285714 
37.0 8.0 35.70285714285714 
37.0 12.0 26.262857142857136 
38.0 8.0 34.17142857142857 
38.0 7.0 35.90857142857144 
39.0 10.0 25.839999999999996 
40.0 8.0 33.03999999999999 
42.0 13.0 25.337142857142844 
42.0 8.0 28.217142857142854 
44.0 9.0 25.600000000000005 
44.0 8.0 27.97714285714286 
45.0 15.0 25.257142857142853 
46.0 13.0 24.834285714285706 
47.0 7.0 34.434285714285714 
47.0 8.0 26.59428571428571 
48.0 9.0 25.211428571428563 
48.0 10.0 25.108571428571416 
50.0 10.0 24.62857142857142 
50.0 7.0 32.85714285714286 
50.0 12.0 23.657142857142848 
53.0 8.0 25.485714285714266 
55.0 13.0 23.051428571428563 
55.0 9.0 24.662857142857135 
57.0 11.0 24.514285714285712 
58.0 10.0 23.325714285714284 
61.0 11.0 22.07999999999999 
